   1.3043843845187273e+00   7.0349316582410673e+00
   6.0447081233794686e-01   5.2348708161846078e+00
   3.6268248740276805e+00   4.8858794284389671e+00
   1.8134124370138403e+00   2.4429397142194831e+00
   6.7446216955602480e+00   2.3878358108912243e+00
   4.8357664987035740e+00   2.0939483264738428e+00
   6.0447081233794684e+00  -6.9798277549128096e-01
   3.0223540616897333e+00  -3.4899138774564048e-01
   5.4402373110415212e+00  -4.6470958473498438e+00
   4.2312956863656277e+00  -3.1409224897107642e+00
   2.4178832493517870e+00  -5.5838622039302486e+00
   1.2089416246758937e+00  -2.7919311019651234e+00
  -1.3043843845187273e+00  -7.0349316582410664e+00
  -6.0447081233794675e-01  -5.2348708161846087e+00
  -3.6268248740276805e+00  -4.8858794284389671e+00
  -1.8134124370138403e+00  -2.4429397142194831e+00
  -6.7446216955602489e+00  -2.3878358108912248e+00
  -4.8357664987035749e+00  -2.0939483264738428e+00
  -6.0447081233794675e+00   6.9798277549128096e-01
  -3.0223540616897338e+00   3.4899138774564048e-01
  -5.4402373110415212e+00   4.6470958473498429e+00
  -4.2312956863656286e+00   3.1409224897107642e+00
  -2.4178832493517874e+00   5.5838622039302486e+00
  -1.2089416246758937e+00   2.7919311019651234e+00
  -2.3373116307898031e-17  -1.1686558153949016e-17
